ans =

    0.0532         0    1.6476   -1.7008    1.7531   -1.7531


CX =

    2.2670


ans =

    0.0530    0.0001    1.6477   -1.7009    1.7531   -1.7531


CX =

    2.2671


ans =

    0.0511    0.0011    1.6492   -1.7014    1.7537   -1.7537


CX =

    2.2681


ans =

    0.0471    0.0030    1.6523   -1.7024    1.7548   -1.7548


CX =

    2.2702


ans =

    0.0364    0.0078    1.6613   -1.7055    1.7582   -1.7582


CX =

    2.2764


ans =

    0.0056    0.0119    1.7016   -1.7191    1.7731   -1.7731


CX =

    2.3039


det(Jf{1})=-18.8332		log10(rcond(Jf{1}))=-1.32034
det(Jf{2})=-18.8726		log10(rcond(Jf{2}))=-1.32125
det(Jf{3})=-19.2273		log10(rcond(Jf{3}))=-1.32934
det(Jf{4})=-20.0156		log10(rcond(Jf{4}))=-1.3468
det(Jf{5})=-22.7744		log10(rcond(Jf{5}))=-1.40292
det(Jf{6})=-58.2449		log10(rcond(Jf{6}))=-1.81088
[1] ll(o(1)+1*h)=-259.7738809483
[2] ll(o(1)-1*h)=-259.7738807072

[1] ll(o(2)+1*h)=-259.7738808370
[2] ll(o(2)-1*h)=-259.7738808185

[1] ll(o(3)+1*h)=-259.7738853948
[2] ll(o(3)-1*h)=-259.7738762607

[1] ll(o(4)+1*h)=-259.7738761309
[2] ll(o(4)-1*h)=-259.7738855245

[1] ll(o(5)+1*h)=-259.7738856694
[2] ll(o(5)-1*h)=-259.7738759861

[1] ll(o(6)+1*h)=-259.7738759861
[2] ll(o(6)-1*h)=-259.7738856694

GradL =

   -0.1666   -0.3571  -50.9615   51.4852  -53.1017   53.1017
