ans =

    0.0532         0    1.6476   -1.7008    1.7531   -1.7531


CX =

    2.2670


ans =

    0.0530    0.0001    1.6477   -1.7009    1.7531   -1.7531


CX =

    2.2671


ans =

    0.0511    0.0011    1.6492   -1.7014    1.7537   -1.7537


CX =

    2.2681


ans =

    0.0471    0.0030    1.6523   -1.7024    1.7548   -1.7548


CX =

    2.2702


ans =

    0.0364    0.0078    1.6613   -1.7055    1.7582   -1.7582


CX =

    2.2764


ans =

    0.0056    0.0119    1.7016   -1.7191    1.7731   -1.7731


CX =

    2.3039

[1] ll(o(1)+1*h)=-259.7738809482
[2] ll(o(1)-1*h)=-259.7738807071

[1] ll(o(2)+1*h)=-259.7738808369
[2] ll(o(2)-1*h)=-259.7738808184

[1] ll(o(3)+1*h)=-259.7738853947
[2] ll(o(3)-1*h)=-259.7738762606

[1] ll(o(4)+1*h)=-259.7738761309
[2] ll(o(4)-1*h)=-259.7738855245

[1] ll(o(5)+1*h)=-259.7738856693
[2] ll(o(5)-1*h)=-259.7738759860

[1] ll(o(6)+1*h)=-259.7738759860
[2] ll(o(6)-1*h)=-259.7738856693

GradL =

  -12.0531   -0.9235 -456.7034  469.6800 -484.1663  484.1663
